9342263.176130798
25.0008125
37.42999543393243, 4.1570927327307225e-06, 37.42583601379714
37.449999106644825, 4.108703936728876e-06, 37.445853271706234
37.469999028434145, 4.102852268375145e-06, 37.465789954609306
37.48999895022348, 4.1021770758728135e-06, 37.48579344648565
37.50999887201281, 4.105778102551997e-06, 37.50581220602928
37.529998793802136, 4.108028744226517e-06, 37.52576450805516
37.549998715591464, 4.111404706738284e-06, 37.545809405237044
37.56999863738079, 4.115230797584939e-06, 37.56581555274991
37.58999855917012, 4.120857401771199e-06, 37.58581864194651
37.60999848095945, 4.125133620952741e-06, 37.6058590275571
37.629998402748775, 4.134136187650768e-06, 37.62579003174786
37.6499983245381, 4.1377372143299785e-06, 37.64580010328173
37.66999824632743, 4.143813946851153e-06, 37.66581312786082
37.68999816811676, 4.150340807707216e-06, 37.68578435930328
37.70999808990609, 4.155742347726005e-06, 37.70581247494371
37.729998011695415, 4.164069721921673e-06, 37.725801050475035
37.74999793348474, 4.171946967782453e-06, 37.74583992901239
37.76999785527407, 4.18004927781065e-06, 37.76576478721557
37.7899977770634, 4.189276908676121e-06, 37.785782874210454
37.809997698852726, 4.1982794753741475e-06, 37.80576989777983
37.829997620642054, 4.207957234574506e-06, 37.82579808070874
37.84999754243138, 4.218310186277223e-06, 37.8457804179906
37.87000121514378, 4.227762881310138e-06, 37.8658066608186
37.88999738601004, 4.238791025515214e-06, 37.88581964253354
37.910001058722436, 4.2529700680645854e-06, 37.905830731681405
37.93000098051176, 4.2666989822790695e-06, 37.925814061604946
37.94999715137802, 4.28492917984254e-06, 37.94581507165173
37.96999707316735, 4.302484184903678e-06, 37.9658386324339
37.98999699495668, 4.322064767471866e-06, 37.98581621402464
38.009996916746005, 4.341870414207525e-06, 38.00581922077407
38.02999683853533, 4.3655021517898115e-06, 38.02579298342587
38.050000511247724, 4.391834659381506e-06, 38.04579709396667
38.06999668211399, 4.422218321987299e-06, 38.06580799122728
38.089996603903316, 4.4557528829374145e-06, 38.08577693398225
38.110000276615715, 4.495589240576149e-06, 38.105783878014975
38.12999644748197, 4.541952459070919e-06, 38.125782894777586
38.15000012019437, 4.597543308431187e-06, 38.14574221405468
38.16999629106063, 4.6668630720059115e-06, 38.16577349639423
38.189999963773026, 4.752837583971972e-06, 38.18578941249956
38.209999885562354, 4.859067871008579e-06, 38.20574135783867
38.22999980735168, 4.991630665636854e-06, 38.225718619225994
38.24999972914101, 5.158853342052545e-06, 38.24574720391021
38.269995900007274, 5.37739064864688e-06, 38.265748848230814
38.289999572719665, 5.670424194667339e-06, 38.28571767094432
38.30999949450899, 6.053258343500487e-06, 38.30575850429933
38.32999941629832, 6.562353490273344e-06, 38.32569760061559
38.34999933808765, 7.237545992624592e-06, 38.34563156293978
38.36999925987698, 8.130825673235314e-06, 38.36561268066316
38.389999181666305, 9.279328119734783e-06, 38.38553964613976
38.40999910345563, 1.0768352651586755e-05, 38.405422776625045
38.42999902524496, 1.2628057867229551e-05, 38.42536081692044
38.44999894703429, 1.4932714941921852e-05, 38.44523055338852
38.469998868823616, 1.7734988890846993e-05, 38.465074930253955
38.489998790612944, 2.1012373297259987e-05, 38.484942780072615
38.50999871240227, 2.4805604775469345e-05, 38.50470437463835
38.5299986341916, 2.911265774796799e-05, 38.52452731780486
38.54999855598093, 3.3885593547089006e-05, 38.54428741582543
38.569998477770255, 3.9063869911788236e-05, 38.563941105883636
38.58999839955958, 4.4699701728914167e-05, 38.583641407155426
38.60999832134891, 5.066187658884319e-05, 38.603382158539546
38.62999824313824, 5.695917199410588e-05, 38.6230746416586
38.64999816492757, 6.360261608890734e-05, 38.642707433379314
38.67000183763996, 7.052829064969161e-05, 38.66235999448697
38.68999800850622, 7.755816992000543e-05, 38.68199849444162
38.70999793029555, 8.495737948910538e-05, 38.70160517611064
38.72999785208488, 9.264062003752776e-05, 38.72119914041853
38.749997773874206, 0.00010055320097258211, 38.740812572283915
38.769997695663534, 0.0001087025494117943, 38.76039879357666
38.78999761745286, 0.0001169876115439791, 38.77997809852715
38.80999753924219, 0.00012555963048966319, 38.799515999501025
38.82999746103152, 0.00013435378776862082, 38.81908329455646
38.849997382820845, 0.00014327060501883893, 38.83861131020056
38.86999730461017, 0.00015270169389168127, 38.85809335930868
38.8899972263995, 0.00016204950902256693, 38.877626009825235
38.90999714818883, 0.00017156477189403572, 38.89717573492175
38.92999706997816, 0.00018136474093732928, 38.91664497974178
38.950000742690555, 0.00019145009134495, 38.93610461400878
38.970000664479876, 0.00020148007596737787, 38.95557527112694
38.98999683534614, 0.00021202793323910917, 38.974998073343016
39.01000050805853, 0.0002224472788712263, 38.99449260331926
39.03000042984787, 0.00023323662999463188, 39.01396030596636
39.05000035163719, 0.0002439832189262219, 39.033377708464435
39.06999652250345, 0.0002547700943437856, 39.05277942788904
39.08999644429278, 0.00026603005464133, 39.07215866990952
39.11000011700518, 0.0002774761430053559, 39.091578049120514
39.1300000387945, 0.00028867781168353065, 39.111043861332625
39.14999620966076, 0.000300247010147152, 39.13046422526928
39.169999882373155, 0.00031230099682746145, 39.14983999807102
39.18999980416249, 0.0003236545838186653, 39.16928236905444
39.20999972595181, 0.00033598990070828776, 39.188648771715975
39.229999647741145, 0.00034776953416847524, 39.207997100957925
39.249999569530466, 0.000360076492972999, 39.227375856079576
39.2699994913198, 0.00037244241858939476, 39.24671208666569
39.28999941310912, 0.00038505658998248837, 39.26604589866418
39.30999933489846, 0.00039742566649722847, 39.28543541184186
39.329999256687785, 0.00041019783293587224, 39.30478344835581
39.34999917847711, 0.00042325718125218277, 39.32411015663213
39.36999534934337, 0.00043561477949438285, 39.3434755571743
39.38999902205577, 0.00044818686388816326, 39.362795949632265
39.409998943845096, 0.00046111927601403174, 39.38215045438335
