9342263.176130798
25.0010625
37.4299991848555, 4.495589240576149e-06, 37.42572681411538
37.449999106644825, 4.454402497932724e-06, 37.44572167997757
37.469999028434145, 4.458003524611908e-06, 37.465737647753166
37.48999895022348, 4.464980513802885e-06, 37.48573647535393
37.50999887201281, 4.476908914677764e-06, 37.50575969822655
37.529998793802136, 4.489512508054974e-06, 37.52574696847709
37.549998715591464, 4.503466486436902e-06, 37.54572019957283
37.56999863738079, 4.516070079814112e-06, 37.56572931708946
37.58999855917012, 4.532949892372919e-06, 37.585699580503
37.60999848095945, 4.550054769099143e-06, 37.60568815906067
37.629998402748775, 4.567834838327726e-06, 37.62571680438462
37.6499983245381, 4.5871903567284696e-06, 37.645730825732144
37.66999824632743, 4.606996003464101e-06, 37.665709004150315
37.68999816811676, 4.629277356041697e-06, 37.6857430712095
37.70999808990609, 4.651108580284378e-06, 37.70572500104342
37.729998011695415, 4.675865638703911e-06, 37.72576604031859
37.74999793348474, 4.700172568788583e-06, 37.74577129989233
37.76999785527407, 4.728530653887327e-06, 37.76569838243119
37.79000152798646, 4.758014059823344e-06, 37.78576679946617
37.809997698852726, 4.789748107433828e-06, 37.805720698294294
37.829997620642054, 4.8257583742259075e-06, 37.825732391154084
37.84999754243138, 4.863569154357566e-06, 37.84568359909552
37.86999746422071, 4.905431089503349e-06, 37.865727130728445
37.88999738601004, 4.949543666323626e-06, 37.885722267695655
37.909997307799365, 4.996807141488226e-06, 37.905694601556604
37.92999722958869, 5.050147349173974e-06, 37.9257154861855
37.94999715137802, 5.110464546050699e-06, 37.94575252138394
37.96999707316735, 5.179109117123065e-06, 37.96571461216182
37.99000074587975, 5.254505613218937e-06, 37.985706341663004
38.01000066766907, 5.3384545476779755e-06, 38.00571107789262
38.02999683853533, 5.436582524686332e-06, 38.02572114500241
38.04999676032466, 5.544388260895073e-06, 38.04573288720126
38.07000043303706, 5.67177457967203e-06, 38.06567231238165
38.09000035482638, 5.8263936627104835e-06, 38.085651068877056
38.109996525692644, 6.001943713321788e-06, 38.10568067608507
38.130000198405035, 6.21687999323694e-06, 38.125660316373114
38.15000012019437, 6.481780518326072e-06, 38.14565823444855
38.16999629106063, 6.813525101147992e-06, 38.165651104400425
38.189999963773026, 7.22471733507991e-06, 38.185628993454266
38.209999885562354, 7.754743449425646e-06, 38.205594685912125
38.22999980735168, 8.435787620130625e-06, 38.22559314003924
38.24999972914101, 9.329742493243678e-06, 38.2455400146717
38.269995900007274, 1.051515546320503e-05, 38.26546618965571
38.289999572719665, 1.2066522769440749e-05, 38.28536733894924
38.30999949450899, 1.4124509516607388e-05, 38.30524254641858
38.32999566537525, 1.684058388939905e-05, 38.32512448131392
38.349995587164585, 2.0402224339301895e-05, 38.344951765588945
38.36999925987698, 2.495864840933561e-05, 38.36473323656625
38.389999181666305, 3.0754050721183896e-05, 38.38443071478463
38.40999910345563, 3.7966006902965106e-05, 38.404028407121956
38.42999902524496, 4.669962192087856e-05, 38.42357818208657
38.44999894703429, 5.7197740011603334e-05, 38.44302138222578
38.469998868823616, 6.934670377057691e-05, 38.462408108198396
38.489998790612944, 8.317082012788396e-05, 38.48170029792927
38.50999871240227, 9.872522980454981e-05, 38.50089178170903
38.5299986341916, 0.00011572995297626617, 38.51997565912672
38.54999855598093, 0.00013416630931713464, 38.53903057240942
38.569998477770255, 0.00015393347008013742, 38.55806997750285
38.58999839955958, 0.00017458378263621565, 38.57699723411683
38.60999832134891, 0.00019651088421424008, 38.595861762304246
38.62999824313824, 0.00021920230370492616, 38.614684170220215
38.64999816492757, 0.00024264476232239426, 38.63345093256001
38.669998086716895, 0.00026691253124190307, 38.6522183123368
38.68999800850622, 0.00029186607067963326, 38.67095059305553
38.70999793029555, 0.00031758550347919725, 38.68959881002423
38.72999785208488, 0.0003441633310134172, 38.70818792211198
38.749997773874206, 0.0003710335169011551, 38.726812423280286
38.769997695663534, 0.00039825120186343663, 38.74543095026887
38.78999761745286, 0.00042675017713101325, 38.763981773120165
38.80999753924219, 0.00045515777634660504, 38.782499514105005
38.82999746103152, 0.00048537286589099115, 38.80095430208979
38.849997382820845, 0.0005142422967781913, 38.81940914748969
38.86999730461017, 0.0005443590332814015, 38.83787889546487
38.8899972263995, 0.0005749502050495972, 38.856303221622504
38.91000089911189, 0.0006064157511083378, 38.87466139195607
38.93000082090122, 0.0006386264846255068, 38.89306401820907
38.949996991767485, 0.0006701654016028363, 38.911385224444096
38.96999691355681, 0.0007026574653293182, 38.92969830502714
38.98999683534614, 0.0007360158010363169, 38.947969485679025
39.01000050805853, 0.0007689147807775493, 38.96630846283114
39.029996678924796, 0.0008028708869132962, 38.98452962689222
39.049996600714124, 0.0008362641075662496, 39.00278238864926
39.06999652250345, 0.0008724978630765949, 39.02090772487271
39.08999644429278, 0.0009065559232801968, 39.039150720821056
39.10999636608211, 0.0009421113353898465, 39.05727583030168
39.1300000387945, 0.0009772686089872763, 39.07550435764087
39.149999960583834, 0.001013767940215213, 39.09363417080677
39.169999882373155, 0.001049700334805342, 39.11177701868714
39.18999980416249, 0.0010857760952701372, 39.129903449879215
39.20999972595181, 0.0011219430067227496, 39.14803375417938
39.229999647741145, 0.0011590225533743735, 39.16611016786231
39.249999569530466, 0.0011962591948148776, 39.184212045355025
39.2699994913198, 0.0012326588226166336, 39.20230193311911
39.28999941310912, 0.0012712354961101377, 39.2202690071547
39.30999933489846, 0.0013097874125452223, 39.23830668919319
39.329999256687785, 0.0013473616502369021, 39.25639094292147
39.34999917847711, 0.0013850630491831916, 39.27439035805362
39.36999910026644, 0.001425341432846788, 39.29236142469005
39.38999902205577, 0.0014634785560212614, 39.31040284834999
39.409998943845096, 0.0015019192907576254, 39.32836326306324
