9342263.176130798
25.000000000000004
37.37999938038217, 4.1654201069263905e-06, 37.375894178450764
37.39999930217151, 4.117931567594347e-06, 37.39587331349262
37.41999922396083, 4.112079899240616e-06, 37.415913727297315
37.439999145750164, 4.109829257566123e-06, 37.43592118385339
37.459999067539485, 4.11230496340806e-06, 37.4558656449299
37.47999898932881, 4.116356118422185e-06, 37.47588726109362
37.49999891111814, 4.120632337603755e-06, 37.49588238108196
37.51999883290747, 4.1267090701249025e-06, 37.51590948331373
37.539998754696796, 4.1323356743111625e-06, 37.53585259593013
37.559998676486124, 4.137962278497422e-06, 37.55587801454794
37.57999859827545, 4.1435888826837095e-06, 37.575838763971625
37.59999852006478, 4.151016000209548e-06, 37.59584136440501
37.61999844185411, 4.158668181902857e-06, 37.61584319499676
37.639998363643436, 4.165645171093834e-06, 37.635854690782665
37.65999828543276, 4.174647737791834e-06, 37.65588284759771
37.67999820722209, 4.182074855317726e-06, 37.6758833333249
37.699998129011426, 4.189051844508677e-06, 37.69586680675206
37.71999805080075, 4.199854924546282e-06, 37.71588725100166
37.73999797259008, 4.210658004583914e-06, 37.73584879099764
37.7599978943794, 4.218760314612138e-06, 37.75586285084467
37.77999781616874, 4.2311388438219045e-06, 37.77586756014406
37.79999773795806, 4.2448677580363885e-06, 37.795814199770625
37.81999765974739, 4.257471351413599e-06, 37.815846358013395
37.839997581536714, 4.27030000895828e-06, 37.83584545971549
37.85999750332605, 4.28492917984254e-06, 37.85585817857223
37.87999742511537, 4.303384441573481e-06, 37.8758241989853
37.899997346904705, 4.3211645108020636e-06, 37.89585892842049
37.9200010196171, 4.3402949650353365e-06, 37.91585298017966
37.93999719048336, 4.362126189278045e-06, 37.93581280317778
37.95999711227268, 4.388683761037183e-06, 37.95584468640274
37.979997034062016, 4.416591717801039e-06, 37.97580838529964
37.99999695585134, 4.4501262787511545e-06, 37.99579623527005
38.01999687764067, 4.4859114813757634e-06, 38.0157936478645
38.03999679942999, 4.529348865693709e-06, 38.035815900183
38.06000047214239, 4.577962725862999e-06, 38.05580356775861
38.08000039393172, 4.639855371911858e-06, 38.075825275970466
38.10000031572105, 4.7075996863144216e-06, 38.095803303410115
38.120000237510375, 4.796725096624805e-06, 38.11584820407078
38.13999640837664, 4.909482244517448e-06, 38.13580101924731
38.16000008108903, 5.049247092504171e-06, 38.15576163010422
38.179996251955295, 5.2286232339621575e-06, 38.17580078250446
38.19999617374462, 5.460664390603533e-06, 38.19576768633465
38.219999846457014, 5.768102043340808e-06, 38.215782433400605
38.23999601732328, 6.170741838909614e-06, 38.23577401831547
38.25999969003567, 6.706394557441582e-06, 38.255735917570746
38.279999611825, 7.417822390752381e-06, 38.27569239322002
38.299999533614326, 8.359265803197478e-06, 38.295625015060104
38.319999455403654, 9.585865515802255e-06, 38.3155196921413
38.33999562626992, 1.1154337698764225e-05, 38.33547248848023
38.359995548059246, 1.3161009815752139e-05, 38.3553185991279
38.37999922077164, 1.564706860940945e-05, 38.3752272276297
38.39999914256097, 1.8655726399886656e-05, 38.395067407903966
38.41999906435029, 2.2259453849102754e-05, 38.41487828883106
38.43999898613963, 2.641166267439553e-05, 38.434675497172854
38.45999890792895, 3.112653191831434e-05, 38.454422178480904
38.479998829718284, 3.639933523334273e-05, 38.47413453759282
38.500002502430675, 4.217088074344127e-05, 38.49384996518431
38.51999867329694, 4.8390754075101016e-05, 38.51353961925149
38.53999859508626, 5.5081011516732145e-05, 38.53320832533261
38.559998516875595, 6.21592795830478e-05, 38.55280534820066
38.579998438664916, 6.951347631865766e-05, 38.572439259854484
38.59999836045425, 7.731667606833112e-05, 38.5920568261542
38.61999828224357, 8.528282227523868e-05, 38.61165642672953
38.639998204032906, 9.364913257187307e-05, 38.631186518445844
38.65999812582223, 0.00010212167315554408, 38.65078218242009
38.67999804761156, 0.00011103443925074809, 38.67032937660634
38.69999796940088, 0.00012012883212908459, 38.68984926514744
38.71999789119022, 0.00012960966018293345, 38.709329143014294
38.73999781297954, 0.00013911997164271832, 38.72886185393369
38.75999773476887, 0.00014910066721247458, 38.748293692647984
38.779997656558194, 0.00015907753669138416, 38.76784674675425
38.79999757834752, 0.0001693974039614882, 38.787276382819044
38.81999750013686, 0.00017999004900254214, 38.80669311345798
38.83999742192618, 0.00019078120063928733, 38.82613266537967
38.85999734371551, 0.00020175555450833716, 38.845679765392724
38.879997265504834, 0.00021291873721387793, 38.86505877429957
38.89999718729417, 0.00022432071300108357, 38.88446078010422
38.91999710908349, 0.00023614513423059365, 38.90384839020108
38.939997030872824, 0.00024772783654426197, 38.923225344129435
38.959996952662145, 0.00026013719954497567, 38.942557539378996
38.980000625374544, 0.0002716825412068472, 38.96195030792456
38.9999967962408, 0.0002841130602393013, 38.98130453066258
39.019996718030136, 0.00029659962024945047, 39.00065298532397
39.04000039074253, 0.0003090841546820926, 39.02003666075645
39.060000312531855, 0.00032180905764557185, 39.03932398050969
39.08000023432118, 0.00033487650827191057, 39.05868983149135
39.09999640518745, 0.00034796376454498495, 39.077994258526296
39.11999632697677, 0.0003616260597658951, 39.097319120967946
39.1399962487661, 0.00037547065696244016, 39.1165932997593
39.159999921478494, 0.00038887998005913613, 39.13592033027965
39.17999609234476, 0.00040247385577314135, 39.155208698778715
39.19999976505715, 0.0004157949537161967, 39.174527800708184
39.21999968684648, 0.0004304184979962876, 39.193784457003986
39.239999608635806, 0.000444147862339098, 39.21305893586007
39.25999577950207, 0.000458340183674354, 39.23236166761097
39.27999945221446, 0.0004728442188815287, 39.25157728637915
39.29999937400379, 0.0004874589856590891, 39.27084220213438
39.31999929579312, 0.0005024532106229708, 39.29005396864363
39.339999217582445, 0.0005164670560734386, 39.30933301124548
39.35999913937177, 0.000531147766652062, 39.32857868811708
