9342263.176130798
25.001031249999997
37.37999938038217, 4.324315409146359e-06, 37.375812849787295
37.39999555124844, 4.279077511488836e-06, 37.395808220299045
37.41999922396083, 4.278177254819033e-06, 37.41580329994596
37.439999145750164, 4.282003345665688e-06, 37.43575176547146
37.459999067539485, 4.28717982151706e-06, 37.45576623800934
37.47999898932881, 4.294381874875454e-06, 37.475770381483926
37.49999891111814, 4.303609505740925e-06, 37.49576026395256
37.51999883290747, 4.313737393276198e-06, 37.515793444099266
37.539998754696796, 4.325215665816189e-06, 37.53574875315644
37.559998676486124, 4.336919002523597e-06, 37.55577486043847
37.57999859827545, 4.348172210896117e-06, 37.57578179154957
37.59999852006478, 4.361676060943157e-06, 37.595724616197096
37.61999844185411, 4.374954846822726e-06, 37.61577977461692
37.639998363643436, 4.389358953539542e-06, 37.635790114419784
37.65999828543276, 4.40331293192147e-06, 37.65578514118863
37.67999820722209, 4.421318065317496e-06, 37.67579731462387
37.699998129011426, 4.436847492871585e-06, 37.69580577103867
37.71999805080075, 4.453952369597809e-06, 37.71578888763196
37.73999797259008, 4.473758016333441e-06, 37.73573053782364
37.7599978943794, 4.494238855571431e-06, 37.755807146318766
37.77999781616874, 4.516520208149027e-06, 37.77575416641503
37.80000148888113, 4.541502330736031e-06, 37.79580556502591
37.81999765974739, 4.567609774160282e-06, 37.81576705168485
37.840001332459785, 4.596868115928828e-06, 37.83572838218913
37.85999750332605, 4.62792697103698e-06, 37.85575289584541
37.87999742511537, 4.65966101864749e-06, 37.87575505656356
37.899997346904705, 4.695896349607014e-06, 37.895684289104054
37.9200010196171, 4.7379833489202415e-06, 37.915746902937144
37.93999719048336, 4.782996182410321e-06, 37.93574857728396
37.95999711227268, 4.832960427584329e-06, 37.95574966287127
37.979997034062016, 4.893952816963386e-06, 37.975696352774236
38.00000070677441, 4.958771297189097e-06, 37.99568643977439
38.01999687764067, 5.03641843495949e-06, 38.01570503171484
38.040000550353064, 5.12329320359538e-06, 38.035717897531725
38.06000047214239, 5.229748554799404e-06, 38.05571952965401
38.079996643008656, 5.353758911064594e-06, 38.07573837674509
38.09999656479798, 5.506802544930886e-06, 38.09566281317966
38.120000237510375, 5.690229841402971e-06, 38.115663198732584
38.1400001592997, 5.921370741374544e-06, 38.13565184403883
38.15999633016597, 6.213954159060088e-06, 38.15563572634703
38.18000000287836, 6.585084971185828e-06, 38.17565506760947
38.19999992466769, 7.072348893715977e-06, 38.195661547104955
38.219999846457014, 7.709280487600651e-06, 38.21553752580769
38.23999976824634, 8.549895153027985e-06, 38.23553350609208
38.25999969003567, 9.67206509193576e-06, 38.25547769603651
38.279999611825, 1.1162214944624978e-05, 38.27542463394081
38.299999533614326, 1.3122073714783234e-05, 38.2952719079678
38.319999455403654, 1.5688030287885457e-05, 38.315166822235966
38.33999937719298, 1.9015378939472432e-05, 38.33497280851935
38.359995548059246, 2.322903028247915e-05, 38.354764718268534
38.37999922077164, 2.8460871919031572e-05, 38.37452282468765
38.3999953916379, 3.4795978104425966e-05, 38.39418498772803
38.41999906435029, 4.228138724965942e-05, 38.41376948210575
38.43999898613963, 5.089616838715907e-05, 38.4333273457367
38.45999890792895, 6.069208627543854e-05, 38.45282269580567
38.479998829718284, 7.152892593817617e-05, 38.472267184440646
38.499998751507604, 8.335582287352819e-05, 38.491611232757855
38.51999867329694, 9.614802002307508e-05, 38.51097888433852
38.53999859508626, 0.00010963814115588568, 38.53027379738837
38.559998516875595, 0.00012411404334212913, 38.54951826740444
38.579998438664916, 0.00013910849337017835, 38.56875722975097
38.59999836045425, 0.00015483237636493437, 38.58796981887449
38.61999828224357, 0.00017110339035076238, 38.607136301373
38.639998204032906, 0.00018792153532766232, 38.62628266841203
38.65999812582223, 0.0002055703921466218, 38.64535867066222
38.67999804761156, 0.00022340762767373722, 38.66439658141024
38.69999796940088, 0.00024159798887958236, 38.68345441942541
38.71999789119022, 0.0002605778751848436, 38.70246545501617
38.73999781297954, 0.0002802070716131993, 38.72144223802449
38.75999773476887, 0.0002999262937085351, 38.74042618552045
38.779997656558194, 0.0003201683398648583, 38.75940576585554
38.80000132927059, 0.00034092510777214056, 38.77834966126268
38.81999750013686, 0.0003619091904885478, 38.7972708878743
38.83999742192618, 0.0003832718311346066, 38.816174712211335
38.85999734371551, 0.00040566076438423924, 38.83495268138574
38.879997265504834, 0.00042746745663267775, 38.8538787410215
38.89999718729417, 0.00045036345945157624, 38.87264209520981
38.91999710908349, 0.00047310956953495277, 38.89141558482449
38.94000078179589, 0.0004968405604150923, 38.91026573114206
38.960000703585216, 0.0005206586511280352, 38.929020524179634
38.97999687445148, 0.0005440500201794921, 38.947832722746796
38.9999967962408, 0.0005677314969427925, 38.9666172353627
39.019996718030136, 0.0005930406377650944, 38.98528399603598
39.03999663981946, 0.0006183632824374433, 39.004009443444765
39.060000312531855, 0.000643479993396575, 39.022647099591964
39.08000023432118, 0.0006691395591275973, 39.04134026709832
39.09999640518745, 0.0006940354821384602, 39.06006552666608
39.12000007789984, 0.0007203603375484658, 39.07867084387705
39.13999999968917, 0.0007463221644563739, 39.09737634517926
39.159999921478494, 0.0007734439720833215, 39.11596903007544
39.17999984326782, 0.000800599764399554, 39.13452875586224
39.19999976505715, 0.0008270094690006884, 39.153144516689316
39.21999968684648, 0.0008539368211869587, 39.171782600352174
39.239999608635806, 0.0008817558776046678, 39.1903286070516
39.259999530425134, 0.0009087059612718506, 39.20892081878547
39.27999945221446, 0.0009369008748492018, 39.22749480704649
39.29999937400379, 0.0009656078094075027, 39.245959960433474
39.31999929579312, 0.0009945564628816453, 39.264437120702716
39.339999217582445, 0.0010223370333267202, 39.28301904076118
39.35999913937177, 0.0010515940247102697, 39.30154706650967
