9342263.176130798
25.000781249999996
37.37999938038217, 5.807938400979515e-06, 37.37564470592867
37.39999930217151, 5.792408973425453e-06, 37.3956782030232
37.419995473037766, 5.823692892701048e-06, 37.41563838468878
37.439999145750164, 5.8617287370001775e-06, 37.43571468765825
37.459999067539485, 5.907641827160087e-06, 37.455706655867004
37.47999898932881, 5.955580494827018e-06, 37.475700772247045
37.49999891111814, 6.003969290828838e-06, 37.495649587730746
37.51999883290747, 6.056859370179697e-06, 37.515661940215146
37.539998754696796, 6.1140256687120995e-06, 37.535678244467526
37.559998676486124, 6.173667673086466e-06, 37.5556497242355
37.57999859827545, 6.235785383302769e-06, 37.575628580345914
37.59999852006478, 6.302179312700642e-06, 37.595652761895074
37.61999844185411, 6.372849461280084e-06, 37.61564444005303
37.639998363643436, 6.450946727385392e-06, 37.63560762050521
37.65999828543276, 6.531519699332636e-06, 37.655611765969475
37.67999820722209, 6.617044082963782e-06, 37.67560289149351
37.699998129011426, 6.709995584120793e-06, 37.69559574490785
37.71999805080075, 6.8074483686268446e-06, 37.71558427584841
37.73999797259008, 6.910527757319129e-06, 37.73559445752309
37.7599978943794, 7.02125932770475e-06, 37.7555728756763
37.77999781616874, 7.145269683969912e-06, 37.775598660774094
37.79999773795806, 7.279407927770348e-06, 37.795550484684334
37.81999765974739, 7.423674059106085e-06, 37.81554378000718
37.839997581536714, 7.579418462981785e-06, 37.83555625206024
37.85999750332605, 7.749566973574301e-06, 37.85554562460077
37.87999742511537, 7.937720617562843e-06, 37.87553560383185
37.899997346904705, 8.144104459114883e-06, 37.895508544851815
37.9200010196171, 8.376820808258617e-06, 37.91553760677373
37.940000941406424, 8.635869664994046e-06, 37.93549212394126
37.95999711227268, 8.929128275181921e-06, 37.95548159239631
37.979997034062016, 9.258622216329348e-06, 37.975466526288486
37.99999695585134, 9.631553541794693e-06, 37.99547285062412
38.01999687764067, 1.0066827641643812e-05, 38.015449887632556
38.040000550353064, 1.057299695423979e-05, 38.035416719571536
38.05999672121933, 1.116739142047635e-05, 38.05539291567832
38.08000039393172, 1.1879719510456924e-05, 38.07532891632262
38.09999656479798, 1.2736538795940651e-05, 38.095345407145714
38.120000237510375, 1.378646313709685e-05, 38.115271383566295
38.13999640837664, 1.508530844745323e-05, 38.13520790503988
38.16000008108903, 1.672422571482717e-05, 38.155129232600345
38.18000000287836, 1.8807869777083146e-05, 38.17499451422378
38.19999992466769, 2.1486808562245455e-05, 38.19481788155714
38.219999846457014, 2.4987681686936713e-05, 38.21460175345991
38.23999976824634, 2.9586642884618585e-05, 38.234384294694365
38.25999969003567, 3.558122698466046e-05, 38.254107523483974
38.279999611825, 4.3473327080476834e-05, 38.27372949101001
38.299999533614326, 5.370924541612184e-05, 38.29316037669483
38.319999455403654, 6.68124812450852e-05, 38.3124981680989
38.33999937719298, 8.342896872794958e-05, 38.33159501030273
38.35999929898231, 0.00010396067246778144, 38.35053290131368
38.37999922077164, 0.00012897925544990484, 38.36926620835778
38.39999914256097, 0.00015861705540478062, 38.38769153427901
38.41999906435029, 0.00019311489099158074, 38.40591824587629
38.43999898613963, 0.00023237328384829206, 38.423913647466314
38.45999890792895, 0.00027635869941396456, 38.44160894926414
38.479998829718284, 0.000324323024395993, 38.45916234757994
38.499998751507604, 0.000376510903544396, 38.476441804546035
38.51999867329694, 0.00043220370697250434, 38.49354906374781
38.53999859508626, 0.0004907915107865274, 38.510553746535315
38.559998516875595, 0.0005522695886389488, 38.52736631806973
38.579998438664916, 0.0006158540420345385, 38.54403931568986
38.59999836045425, 0.000681491980893946, 38.56068283992902
38.62000203316664, 0.0007489518141888645, 38.57715616651048
38.639998204032906, 0.0008182736033411005, 38.5935801810017
38.65999812582223, 0.0008890792405493369, 38.60993774507457
38.67999804761156, 0.0009608704337468389, 38.62617875412651
38.69999796940088, 0.0010344387336105292, 38.64239150112316
38.71999789119022, 0.001109414359713287, 38.658488980943865
38.73999781297954, 0.0011845347020757154, 38.67461700419728
38.75999773476887, 0.0012616031998715948, 38.69062049793972
38.779997656558194, 0.0013390997697139647, 38.70660360056554
38.79999757834752, 0.0014181206991624763, 38.722553171919536
38.81999750013686, 0.001497149055728514, 38.73845175113042
38.83999742192618, 0.0015771672445029983, 38.75427738087017
38.85999734371551, 0.0016575867226880467, 38.77007983067891
38.879997265504834, 0.00173992577315728, 38.78580404947335
38.89999718729417, 0.0018224212432228913, 38.801565945013515
38.92000086000656, 0.0019051537058568278, 38.81725847906488
38.939997030872824, 0.0019879377081851103, 38.83294669067725
38.959996952662145, 0.0020734832478480096, 38.848594853115905
38.97999687445148, 0.002158146535974503, 38.86414562295084
38.9999967962408, 0.002243484341410846, 38.87968477154588
39.019996718030136, 0.0023285144841302834, 38.89530429366285
39.04000039074253, 0.0024166120263879034, 38.91081212680303
39.05999656160879, 0.00250352955721558, 38.92631960660957
39.08000023432118, 0.0025912287358968128, 38.94177041722662
39.09999640518745, 0.002678599771021902, 38.95726448833068
39.12000007789984, 0.0027660520543114414, 38.972664047600816
39.13999999968917, 0.002854165125996615, 38.9880794416637
39.159996170555424, 0.0029429587917241587, 39.00353399828358
39.17999609234476, 0.00303133338797191, 39.018894199580814
39.19999976505715, 0.0031215505845585776, 39.034234030075844
39.21999968684648, 0.003211433335792414, 39.04956757203969
39.239999608635806, 0.003300959810449176, 39.06495906004825
39.25999577950207, 0.003392853735083349, 39.08018833272161
39.27999945221446, 0.003483778983540816, 39.09557398584008
39.29999937400379, 0.003575412508933249, 39.110826232482154
39.31999929579312, 0.003665846667377339, 39.12611819245582
39.33999546665938, 0.003757400069926159, 39.14138304068937
39.35999913937177, 0.003851844646770048, 39.1564904623849
