9342263.176130798
25.00028125
37.40999926306617, 4.18004927781065e-06, 37.40579801032205
37.4299991848555, 4.133010866813521e-06, 37.42578530891022
37.449999106644825, 4.126033877622544e-06, 37.44580064594804
37.469999028434145, 4.1269341342923735e-06, 37.46580187381769
37.48999519930041, 4.1296349043017544e-06, 37.48582850533232
37.50999887201281, 4.133235930980965e-06, 37.505820493360986
37.529998793802136, 4.137062021827647e-06, 37.52580616311013
37.549998715591464, 4.144039011018597e-06, 37.54579649352611
37.56999863738079, 4.1485402943675835e-06, 37.5657963130063
37.58999855917012, 4.155967411893476e-06, 37.585835365360644
37.60999848095945, 4.162044144414624e-06, 37.6058070206908
37.629998402748775, 4.1678958127683275e-06, 37.62578674143939
37.6499983245381, 4.174647737791834e-06, 37.64581211375971
37.66999824632743, 4.185450817829466e-06, 37.66580254763773
37.68999816811676, 4.192202742852973e-06, 37.68576685860114
37.70999808990609, 4.203005822890605e-06, 37.70576564691787
37.729998011695415, 4.210658004583914e-06, 37.725743241819245
37.74999793348474, 4.220335763784272e-06, 37.74572405988472
37.76999785527407, 4.230463651319546e-06, 37.765763708648514
37.7899977770634, 4.242842180529312e-06, 37.785772784262136
37.809997698852726, 4.255220709739079e-06, 37.80575291424879
37.829997620642054, 4.2642232764371324e-06, 37.82581216687864
37.84999754243138, 4.277276998149231e-06, 37.84580339070743
37.86999746422071, 4.293256554038235e-06, 37.86580020149995
37.88999738601004, 4.309011045759741e-06, 37.88582490226791
37.909997307799365, 4.327466307490682e-06, 37.905805929346286
37.93000098051176, 4.34704689005887e-06, 37.92579493568242
37.94999715137802, 4.368878114301551e-06, 37.94575336790369
37.96999707316735, 4.391159466879147e-06, 37.96578073381718
37.98999699495668, 4.4172669103033975e-06, 37.98577357389376
38.01000066766907, 4.449901214583711e-06, 38.00582674104459
38.02999683853533, 4.481860326361665e-06, 38.02578517038713
38.04999676032466, 4.521921748167843e-06, 38.045797578866505
38.07000043303706, 4.567384709992838e-06, 38.06577113486041
38.09000035482638, 4.621175046013473e-06, 38.08578606681773
38.110000276615715, 4.684868205401938e-06, 38.10576091419937
38.12999644748197, 4.7625153431723305e-06, 38.125814670850225
38.1499963692713, 4.859743063510938e-06, 38.145809877132336
38.17000004198369, 4.9788020080922e-06, 38.16576607806007
38.189999963773026, 5.130495256953774e-06, 38.18580262507253
38.209999885562354, 5.324050440961133e-06, 38.20574895524278
38.22999605642861, 5.575672180170696e-06, 38.22577502084287
38.24999597821794, 5.906066377987898e-06, 38.24571982086642
38.26999965093034, 6.34224073450682e-06, 38.26572763036738
38.289999572719665, 6.919080195682241e-06, 38.28564587031396
38.30999949450899, 7.680922402501908e-06, 38.30559198276323
38.32999941629832, 8.683583268493533e-06, 38.32552811445489
38.34999933808765, 9.983103771352245e-06, 38.345462971028574
38.36999925987698, 1.1639576043787325e-05, 38.36541379913982
38.389999181666305, 1.371691830935468e-05, 38.38530254703526
38.40999910345563, 1.628174956161963e-05, 38.40513795453016
38.42999902524496, 1.9387410008267974e-05, 38.424957047975305
38.44999894703429, 2.3037725740146313e-05, 38.44476098363937
38.469998868823616, 2.7309218574187794e-05, 38.464551571738454
38.489998790612944, 3.208012879580176e-05, 38.484318348785166
38.50999871240227, 3.74040216768414e-05, 38.50405933282771
38.5299986341916, 4.330565427572627e-05, 38.523769532679346
38.549994805057864, 4.972043317639809e-05, 38.543459994872656
38.569998477770255, 5.6502516798349e-05, 38.563105620326816
38.58999839955958, 6.373022747185173e-05, 38.58274961394904
38.60999832134891, 7.141751917528821e-05, 38.60233584153954
38.62999824313824, 7.933370113702177e-05, 38.621910916502095
38.64999816492757, 8.775672760385368e-05, 38.64145151497164
38.669998086716895, 9.619865946075142e-05, 38.66102706381074
38.68999800850622, 0.00010508239227835433, 38.68055336778465
38.70999793029555, 0.00011428751672707644, 38.700090371411186
38.72999785208488, 0.000123744713043343, 38.719589159448724
38.749997773874206, 0.0001333434747209359, 38.7390942638949
38.769997695663534, 0.00014340721896848136, 38.758552955477164
38.78999761745286, 0.00015353510650375018, 38.77803235433111
38.80999753924219, 0.00016410209422971475, 38.79749576729875
38.82999746103152, 0.0001749751692234119, 38.81697581649281
38.849997382820845, 0.0001856051749162626, 38.83641225857075
38.87000105553324, 0.0001969042963789434, 38.85580721633849
38.8899972263995, 0.00020851288107186854, 38.87520506088028
38.91000089911189, 0.00021998755258516067, 38.894616309939614
38.93000082090122, 0.00023175210674612892, 38.91403536380777
38.949996991767485, 0.00024383602696070931, 38.93341691373676
38.96999691355681, 0.0002559192719827874, 38.952769761200074
38.98999683534614, 0.0002683963792979037, 38.9720885389678
39.00999675713547, 0.0002807623049142995, 38.99147467544481
39.029996678924796, 0.0002936357502282959, 39.01080284845322
39.05000035163719, 0.0003066734923845312, 39.03009387457468
39.06999652250345, 0.00031986495336713513, 39.04944320773279
39.08999644429278, 0.00033304516114136655, 39.0687374302376
39.11000011700518, 0.00034638696498782734, 39.08807320320853
39.1300000387945, 0.000359899592537383, 39.10738577761316
39.14999620966076, 0.0003737619698031566, 39.126730326881386
39.16999613145009, 0.00038776996358527065, 39.145950849768276
39.18999980416249, 0.0004017910110890968, 39.16523402478061
39.20999597502875, 0.000416015966728633, 39.18447272065067
39.229999647741145, 0.00043039936754205434, 39.20376095120384
39.249999569530466, 0.0004446931928168304, 39.223031316243116
39.26999574039673, 0.00045878378514839876, 39.24226466780463
39.28999941310912, 0.00047354754440481127, 39.26152320570226
39.30999933489846, 0.00048811999911889094, 39.28075084550743
39.329999256687785, 0.0005034680249540048, 39.30000027270455
39.34999917847711, 0.0005182144542695236, 39.319230405466236
39.36999910026644, 0.0005335210682978265, 39.33845855945123
39.38999902205577, 0.0005492690331584998, 39.357579029141384
