9342263.176130798
24.999843750000004
37.51999883290747, 4.42154312948494e-06, 37.51571543779402
37.53999500377373, 4.381931836013676e-06, 37.535718677056686
37.559998676486124, 4.379906258506627e-06, 37.55568915900139
37.57999859827545, 4.384857670190528e-06, 37.575720309332944
37.59999852006478, 4.393860236888555e-06, 37.59568693543124
37.61999844185411, 4.40466331692616e-06, 37.615684644594
37.639998363643436, 4.41254056278694e-06, 37.635710778492886
37.65999828543276, 4.426269477001424e-06, 37.65572705895499
37.67999820722209, 4.440448519550796e-06, 37.6756757455193
37.699998129011426, 4.455527818769971e-06, 37.69569540357568
37.71999805080075, 4.470832182156589e-06, 37.71566585226003
37.73999797259008, 4.4861365455432344e-06, 37.73570695436487
37.7599978943794, 4.502116101432212e-06, 37.755715471144626
37.77999781616874, 4.520346298995682e-06, 37.775679733888786
37.79999773795806, 4.538801560726623e-06, 37.79573655813469
37.81999765974739, 4.560857849136775e-06, 37.815671757594544
37.839997581536714, 4.580663495872407e-06, 37.83570548574569
37.85999750332605, 4.604520297622137e-06, 37.855722195136224
37.88000117603844, 4.628152035204451e-06, 37.87569461208129
37.899997346904705, 4.654934671131033e-06, 37.89569611902722
37.919997268694026, 4.6830676920623325e-06, 37.91571212186294
37.940000941406424, 4.7186278305194976e-06, 37.93567021948719
37.95999711227268, 4.7521623914696404e-06, 37.95563598769103
37.979997034062016, 4.7877225299268055e-06, 37.97565499683822
38.00000070677441, 4.827558887565513e-06, 37.99562559577922
38.01999687764067, 4.87167146438579e-06, 38.0156807101884
38.03999679942999, 4.920960517057439e-06, 38.03565819446923
38.06000047214239, 4.977451623087482e-06, 38.05563837293927
38.08000039393172, 5.041144782475947e-06, 38.075628345514914
38.09999656479798, 5.10978935354834e-06, 38.09564432809965
38.11999648658731, 5.190137261328141e-06, 38.11562643667514
38.1400001592997, 5.281063184978102e-06, 38.13563409538758
38.15999633016597, 5.386618279512351e-06, 38.1556112813703
38.18000000287836, 5.51265421328459e-06, 38.175640182038364
38.19999992466769, 5.660296307132066e-06, 38.195619572919604
38.219999846457014, 5.837871935250447e-06, 38.21558318125976
38.23999601732328, 6.056184177677339e-06, 38.23557835890255
38.25999969003567, 6.329187012794695e-06, 38.25556410350496
38.279999611825, 6.6676835206401215e-06, 38.275596000804036
38.29999578269126, 7.101157107149635e-06, 38.29558266850118
38.31999570448059, 7.664042589943128e-06, 38.31554764936509
38.33999937719298, 8.393700620817397e-06, 38.33552909273377
38.35999929898231, 9.36305199002635e-06, 38.35544121479592
38.37999922077164, 1.0645917744493726e-05, 38.37542535766262
38.39999914256097, 1.2350103620428293e-05, 38.39531139518168
38.41999906435029, 1.4614924337481833e-05, 38.415161208856965
38.43999898613963, 1.7583520706152862e-05, 38.434969814418444
38.45999890792895, 2.142018956868014e-05, 38.454789948124244
38.479998829718284, 2.632501296992711e-05, 38.47455646531888
38.499998751507604, 3.244000639955498e-05, 38.49426263179201
38.51999867329694, 3.991843855559747e-05, 38.513904410113476
38.53999859508626, 4.878866752315335e-05, 38.533391341450674
38.559998516875595, 5.909638132821506e-05, 38.55288427453165
38.579998438664916, 7.07947666239529e-05, 38.572283073433056
38.59999836045425, 8.389282597706489e-05, 38.591556948622
38.61999828224357, 9.815019085671399e-05, 38.61083642737089
38.639998204032906, 0.00011361434980223224, 38.63005884747151
38.65999812582223, 0.00012991529732233112, 38.64917098414329
38.67999804761156, 0.00014709264471048195, 38.668288949064326
38.69999796940088, 0.00016530011079305334, 38.68736832101246
38.71999789119022, 0.00018404210427331945, 38.70641594607639
38.73999781297954, 0.00020322432326511862, 38.72542268257388
38.75999773476887, 0.00022336441535358674, 38.744313749968626
38.779997656558194, 0.00024412793518589253, 38.763266395569026
38.79999757834752, 0.00026539469849661744, 38.782155713691104
38.81999750013686, 0.0002872923166687059, 38.801098617125426
38.83999742192618, 0.0003096549174107469, 38.81993110924384
38.85999734371551, 0.00033237356966569446, 38.83872752664232
38.879997265504834, 0.0003557770921821937, 38.85749372346251
38.89999718729417, 0.00037938902411775195, 38.876251411677686
38.91999710908349, 0.00040361200526793813, 38.8950234692326
38.939997030872824, 0.0004282547310904193, 38.91380757708452
38.959996952662145, 0.00045370116105486593, 38.93242664528783
38.97999687445148, 0.00047906139144317906, 38.95115014601604
38.9999967962408, 0.0005049710034642388, 38.969787337814516
39.0200004689532, 0.0005309645644197573, 38.98843224000727
39.04000039074253, 0.0005579517836745696, 39.00707347705364
39.060000312531855, 0.0005852102052511595, 39.025625389682595
39.07999648339811, 0.0006125266933829516, 39.044183129551065
39.09999640518745, 0.0006403516014690143, 39.06276166483823
39.12000007789984, 0.0006692944032748032, 39.08125024386687
39.1399962487661, 0.0006971951579852967, 39.09978655766396
39.159999921478494, 0.0007261955762179528, 39.11829041220394
39.17999984326782, 0.0007549252422571662, 39.1368582709559
39.19999976505715, 0.0007844032466531521, 39.155306796771775
39.21999968684648, 0.0008140178649987805, 39.17374931335598
39.239999608635806, 0.0008435219768381908, 39.192251091895486
39.259999530425134, 0.0008737132095808271, 39.210682087987934
39.27999945221446, 0.0009037189894494843, 39.229186172857844
39.29999937400379, 0.0009345449031443308, 39.247568989073216
39.31999929579312, 0.0009655517684298075, 39.26597230192224
39.339999217582445, 0.0009962275643249645, 39.28437820077386
39.35999913937177, 0.0010270172426888515, 39.302779938527
39.3799990611611, 0.0010590821346255128, 39.32109925747167
39.39999898295043, 0.0010912113949140647, 39.33944815903874
39.41999890473976, 0.001122868695643473, 39.35774652530678
39.439998826529084, 0.0011548878995541417, 39.376121833720156
39.45999874831841, 0.0011875726182079612, 39.394405759635426
39.47999867010774, 0.0012201141960512824, 39.41277989173263
39.49999859189707, 0.0012534252682831163, 39.431062271907194
