9342263.176130798
25.00075
37.469999028434145, 4.713226290500709e-06, 37.46583776025435
37.48999895022348, 4.675640574536467e-06, 37.48590684587651
37.509995121089744, 4.684193012899606e-06, 37.50587461636112
37.529998793802136, 4.697696862946619e-06, 37.52586168311936
37.549998715591464, 4.714351611337928e-06, 37.545868872187384
37.56999863738079, 4.732131680566538e-06, 37.56589362661138
37.58999855917012, 4.75328771230686e-06, 37.58590153701935
37.60999848095945, 4.7757941290519e-06, 37.605864296946756
37.629998402748775, 4.797625353294608e-06, 37.62583756961573
37.6499983245381, 4.821932283379253e-06, 37.64588049742458
37.66999449540436, 4.8451138926266515e-06, 37.665861487096
37.68999816811676, 4.875722619399915e-06, 37.68581773857029
37.70999808990609, 4.901379934489251e-06, 37.705848940550574
37.729998011695415, 4.930413212090353e-06, 37.72584726743884
37.74999793348474, 4.9625973880357515e-06, 37.74581705075517
37.770001606197134, 4.99703220565567e-06, 37.765845169013026
37.7899977770634, 5.034617921619884e-06, 37.78585134423562
37.809997698852726, 5.070628188411964e-06, 37.80585376394217
37.829997620642054, 5.113390380227551e-06, 37.82584584638876
37.84999754243138, 5.157052828712913e-06, 37.84583813967825
37.86999746422071, 5.2070170738869204e-06, 37.86581449319759
37.88999738601004, 5.25990715323778e-06, 37.88580933485713
37.910001058722436, 5.314597745928218e-06, 37.90581515505069
37.92999722958869, 5.375815199474719e-06, 37.92583707904527
37.95000090230109, 5.4424341930400626e-06, 37.94584417006961
37.96999707316735, 5.517830689135935e-06, 37.965828383084535
37.98999699495668, 5.601104431092588e-06, 37.98581629393221
38.009996916746005, 5.6920303547425765e-06, 38.00584487212596
38.0300005894584, 5.792859101760368e-06, 38.025794706408604
38.04999676032466, 5.9056162496530105e-06, 38.04579772353965
38.07000043303706, 6.0316521834252496e-06, 38.06580591233592
38.089996603903316, 6.180644662277416e-06, 38.085797523746336
38.109996525692644, 6.3471921461907485e-06, 38.10580652784387
38.130000198405035, 6.541197458532995e-06, 38.12579206539162
38.15000012019437, 6.770987973499877e-06, 38.14579085044826
38.17000004198369, 7.043765744449789e-06, 38.165764398601276
38.189999963773026, 7.371909300592499e-06, 38.185752656979616
38.209999885562354, 7.7727485828217e-06, 38.205720074381794
38.22999605642861, 8.2719409062267e-06, 38.22564308968475
38.24999972914101, 8.895368650064389e-06, 38.24559921505818
38.26999965093034, 9.68466868531297e-06, 38.265558366875716
38.289999572719665, 1.0707585326375142e-05, 38.2855322246322
38.30999949450899, 1.204626699437023e-05, 38.30547012230898
38.32999941629832, 1.3820897954716768e-05, 38.325386313916276
38.34999933808765, 1.6155938692014862e-05, 38.345278686341786
38.36999925987698, 1.9263624716170228e-05, 38.36508719709648
38.389999181666305, 2.337554705548938e-05, 38.384848983360826
38.40999535253256, 2.8767409315099058e-05, 38.40458905200412
38.42999902524496, 3.5769155564481574e-05, 38.42422612978834
38.44999894703429, 4.462970677283707e-05, 38.443740106824215
38.469998868823616, 5.567968220215027e-05, 38.463217544879654
38.489998790612944, 6.908810504217639e-05, 38.482505080473075
38.50999871240227, 8.498146135502256e-05, 38.50170301468129
38.5299986341916, 0.00010346575636355797, 38.52074434729788
38.54999855598093, 0.00012421397183247712, 38.53968821020663
38.569998477770255, 0.00014727697226362384, 38.55848223017978
38.58999839955958, 0.00017241033797114696, 38.5771318584082
38.60999832134891, 0.00019919229870524435, 38.59578632640263
38.62999824313824, 0.00022775924335139105, 38.61426284926166
38.64999816492757, 0.0002576295345912431, 38.632748812467135
38.669998086716895, 0.00028886078885166785, 38.65116978176587
38.68999800850622, 0.00032108817711722814, 38.66950625409285
38.70999793029555, 0.0003544696944334742, 38.68775246538784
38.72999785208488, 0.0003888777294174616, 38.706018902252545
38.749997773874206, 0.0004242548907064905, 38.72416292728771
38.769997695663534, 0.0004601771574090843, 38.7423209221994
38.78999761745286, 0.0004967154247379899, 38.760424627354126
38.80999753924219, 0.0005342739079379483, 38.77841181527974
38.82999746103152, 0.0005729887708302668, 38.796427043302536
38.849997382820845, 0.0006117337923210238, 38.814451254207604
38.86999730461017, 0.0006509917350494002, 38.832396350371255
38.890000977322565, 0.0006912007989494222, 38.85027439448231
38.90999714818883, 0.000731871469456885, 38.8682037285163
38.93000082090122, 0.0007738011489170653, 38.88605348103647
38.950000742690555, 0.0008156867158004254, 38.90389917697209
38.970000664479876, 0.0008583534804090059, 38.92167523948945
38.98999683534614, 0.0009020755708987613, 38.93935958312238
39.00999675713547, 0.0009452782132900414, 38.957151744779814
39.029996678924796, 0.0009889600172938232, 38.97487536404068
39.049996600714124, 0.0010329346297794579, 38.992561597168425
39.06999652250345, 0.0010789823083114788, 39.01022010674987
39.09000019521584, 0.0011241425588312424, 39.02789621578383
39.11000011700518, 0.0011697187279324545, 39.04556717879528
39.129996287871435, 0.0012157015879842494, 39.06316423234195
39.149999960583834, 0.0012617098802869661, 39.080682592529264
39.16999613145009, 0.0013104497763900289, 39.098220426277344
39.18999980416249, 0.001356570150648136, 39.11582524939465
39.20999972595181, 0.0014042443679183208, 39.13336826412993
39.229999647741145, 0.001452330902743275, 39.150842115942346
39.249999569530466, 0.001501360906558181, 39.16832110322479
39.26999574039673, 0.0015495739274452422, 39.185889207240336
39.28999941310912, 0.0015981981405662352, 39.20331840462204
39.30999933489846, 0.0016481592348418837, 39.22069581351812
39.329999256687785, 0.0016969788036602237, 39.2382346633843
39.34999917847711, 0.001747064133356305, 39.255663248528684
39.36999910026644, 0.0017967963373736564, 39.27305492418984
39.38999902205577, 0.0018466163164163134, 39.29046776441734
39.409998943845096, 0.0018971556005381422, 39.30785594733663
39.429998865634424, 0.0019479939949385125, 39.3252193180294
39.44999878742375, 0.001999682906827678, 39.34260559850136
