9342263.176130798
25.000718749999997
37.459999067539485, 4.579763239202604e-06, 37.45605870970526
37.47999898932881, 4.5435279082430805e-06, 37.476042859927844
37.49999891111814, 4.547128934922291e-06, 37.4960463440372
37.51999883290747, 4.557031758290121e-06, 37.51603369911074
37.539998754696796, 4.569410287499887e-06, 37.536066109595374
37.559998676486124, 4.5847146508865054e-06, 37.55606178253562
37.57999859827545, 4.599343821770792e-06, 37.5759765104473
37.59999852006478, 4.619374532673868e-06, 37.59601294374849
37.61999844185411, 4.636929537735006e-06, 37.61603529603642
37.639998363643436, 4.655384799465948e-06, 37.63601543175691
37.65999828543276, 4.67654083120627e-06, 37.655991749446414
37.67999820722209, 4.700847761290915e-06, 37.67601867757267
37.699998129011426, 4.723354178035982e-06, 37.69600695471894
37.71999805080075, 4.7490114931253175e-06, 37.71605212897897
37.73999797259008, 4.7757941290519e-06, 37.73601079209036
37.7599978943794, 4.804377278318114e-06, 37.75599679007694
37.77999781616874, 4.834310812589019e-06, 37.77604997411104
37.79999773795806, 4.867170181036776e-06, 37.79597884790803
37.81999765974739, 4.898904228647287e-06, 37.81597158352817
37.839997581536714, 4.93716513711386e-06, 37.83598856418568
37.85999750332605, 4.978351879757285e-06, 37.85602186464189
37.87999742511537, 5.022014328242674e-06, 37.87602445808257
37.90000109782777, 5.0697279317421615e-06, 37.895973070655906
37.919997268694026, 5.1190169844138106e-06, 37.91599511067485
37.93999719048336, 5.176183282946213e-06, 37.936033235480686
37.95999711227268, 5.239201249832319e-06, 37.95601204635627
37.979997034062016, 5.306945564234882e-06, 37.97597359024886
37.99999695585134, 5.380991675326091e-06, 37.99601895836006
38.01999687764067, 5.468091508129398e-06, 38.01604964460796
38.040000550353064, 5.566669613472669e-06, 38.03602599875378
38.06000047214239, 5.67965182553281e-06, 38.055994789431765
38.08000039393172, 5.801186475956009e-06, 38.07600618001124
38.09999656479798, 5.943877158119584e-06, 38.096030432135194
38.11999648658731, 6.11627631038662e-06, 38.11600125821737
38.1400001592997, 6.313207456905718e-06, 38.135987223543104
38.15999633016597, 6.55425118024512e-06, 38.15600602833126
38.18000000287836, 6.84300850708401e-06, 38.17596198172012
38.19999992466769, 7.19860989165566e-06, 38.19597142933486
38.219999846457014, 7.644011879040025e-06, 38.21590901243095
38.23999601732328, 8.211398645182558e-06, 38.23585669116773
38.25999969003567, 8.93182904519133e-06, 38.25580863640512
38.279999611825, 9.876198291813279e-06, 38.27575240457812
38.299999533614326, 1.1114276276958046e-05, 38.29570602944678
38.319999455403654, 1.2754994057671593e-05, 38.31560402763076
38.33999562626992, 1.4935865840266148e-05, 38.335471057443925
38.35999929898231, 1.7821188466980497e-05, 38.355327281617
38.37999922077164, 2.1643903351125873e-05, 38.37510016725278
38.3999953916379, 2.6595990227537417e-05, 38.39489575817736
38.41999906435029, 3.2958779305528195e-05, 38.41459170296462
38.43999898613963, 4.094473115917138e-05, 38.434122617818865
38.45999890792895, 5.075212731999082e-05, 38.45363316705874
38.479998829718284, 6.256552040529581e-05, 38.47304266788993
38.499998751507604, 7.648843993211358e-05, 38.492292314884835
38.51999867329694, 9.238742284914603e-05, 38.51150752970889
38.53999859508626, 0.00011029240269066405, 38.53059940130405
38.559998516875595, 0.00012996481143917021, 38.54956678718949
38.579998438664916, 0.0001513297027269035, 38.56847422318902
38.59999836045425, 0.00017401459535673354, 38.587308971428946
38.61999828224357, 0.0001981153666639941, 38.6060352154076
38.639998204032906, 0.0002235057556507456, 38.62477539629001
38.65999812582223, 0.00024974823757546434, 38.64341247752689
38.67999804761156, 0.0002768632932773884, 38.66200098281725
38.69999796940088, 0.00030507553679563326, 38.680555982257225
38.71999789119022, 0.00033408945887833646, 38.69901971272773
38.74000156390261, 0.0003637160056248397, 38.71744614810016
38.75999773476887, 0.0003942929983504861, 38.735907042297036
38.779997656558194, 0.000425425899569735, 38.754300809070905
38.79999757834752, 0.0004571072821650606, 38.77268077118084
38.81999750013686, 0.0004896477346875445, 38.790993403245
38.83999742192618, 0.0005224963000552679, 38.80928345595701
38.85999734371551, 0.0005564312501592744, 38.8275412963863
38.880001016427904, 0.0005904195404709668, 38.84581338701082
38.89999718729417, 0.0006252819800090366, 38.86400594317152
38.91999710908349, 0.0006606811975864756, 38.88218658708599
38.94000078179589, 0.0006966907891860402, 38.90032099107162
38.959996952662145, 0.0007325732195309953, 38.91839008484059
38.97999687445148, 0.0007698402446341054, 38.936505697500344
38.9999967962408, 0.0008066366605630766, 38.954606481404234
39.019996718030136, 0.0008443830723428561, 38.97266606283219
39.03999663981946, 0.0008823507221992393, 38.99069708601972
39.060000312531855, 0.0009213212579857815, 39.00867389816957
39.07999648339811, 0.0009604975024213734, 39.026723348672974
39.10000015611051, 0.0009996132045959213, 39.044665165568105
39.12000007789984, 0.001039564344960045, 39.06263107263466
39.13999999968917, 0.0010800034244392012, 39.08052613629755
39.159999921478494, 0.0011197459303200984, 39.098528209592075
39.17999984326782, 0.0011601285186932247, 39.11632581560066
39.19999976505715, 0.001201440171949586, 39.13424146980455
39.219995935923414, 0.0012419888576782909, 39.15219107036267
39.239999608635806, 0.001284459591397022, 39.169975701426004
39.259999530425134, 0.001326102764172038, 39.18779954305077
39.27999945221446, 0.0013669303044042136, 39.205723179801545
39.29999937400379, 0.0014102659597184568, 39.22345628823832
39.31999929579312, 0.0014534312414579398, 39.24120808975976
39.339999217582445, 0.001496855346989991, 39.259010704322
39.35999913937177, 0.0015403566495314778, 39.276737723787015
39.3799990611611, 0.0015837562230692768, 39.294464449086945
39.39999898295043, 0.0016270263847107918, 39.312294797459174
39.41999890473976, 0.0016702364542195976, 39.33006714975341
39.439998826529084, 0.0017157381270813837, 39.34774494950186
