9342263.176130798
25.000968750000002
37.539998754696796, 4.745635530613578e-06, 37.53591224636581
37.559998676486124, 4.7134513546681525e-06, 37.555908963769454
37.57999859827545, 4.722453921366179e-06, 37.575886343046335
37.59999852006478, 4.736858028082995e-06, 37.59586429808185
37.61999844185411, 4.752387455637084e-06, 37.61585445821373
37.64000211456651, 4.773318423209963e-06, 37.63588097087308
37.65999828543276, 4.792448877443236e-06, 37.65589050008899
37.67999820722209, 4.815180358355719e-06, 37.675878942072636
37.699998129011426, 4.84128780177997e-06, 37.69591294914237
37.72000180172382, 4.86739524520422e-06, 37.71585700396007
37.73999797259008, 4.895303201968103e-06, 37.7358977262359
37.7599978943794, 4.923211158731932e-06, 37.75583537989183
37.77999781616874, 4.9520193721655904e-06, 37.77587082715997
37.79999773795806, 4.9848787406133474e-06, 37.79585747343012
37.82000141067046, 5.0204388790705125e-06, 37.815873801907415
37.839997581536714, 5.0559990175276775e-06, 37.835901031654025
37.85999750332605, 5.0971857601711296e-06, 37.855917375271815
37.87999742511537, 5.140623144489048e-06, 37.87588496355936
37.899997346904705, 5.186311170481459e-06, 37.895902972087214
37.919997268694026, 5.235825287320579e-06, 37.91588072340677
37.93999719048336, 5.290515880011017e-06, 37.9358706506137
37.96000086319575, 5.348357371045778e-06, 37.95590661499084
37.98000078498508, 5.412050530434243e-06, 37.9758648208803
38.00000070677441, 5.480019909004277e-06, 37.99589047242747
38.01999687764067, 5.5574419826071985e-06, 38.01589323773234
38.03999679942999, 5.643416494573286e-06, 38.03585012353684
38.05999672121933, 5.736593059897741e-06, 38.05594126496401
38.08000039393172, 5.83877219192025e-06, 38.07586990175016
38.10000031572105, 5.956930879831709e-06, 38.095832414729294
38.11999648658731, 6.090844059464701e-06, 38.115822982313745
38.13999640837664, 6.242537308326303e-06, 38.13585336442795
38.16000008108903, 6.415161524760756e-06, 38.15581770035007
38.18000000287836, 6.620194981308105e-06, 38.175813243087546
38.19999992466769, 6.860563512145148e-06, 38.195832069230896
38.21999609553395, 7.1448195556350245e-06, 38.21577518553424
38.23999976824634, 7.488492539331796e-06, 38.23575515253903
38.259995939112606, 7.909137468296656e-06, 38.25572440126843
38.279999611825, 8.432861785953773e-06, 38.27565982036906
38.299999533614326, 9.083972422387819e-06, 38.29566888976165
38.319999455403654, 9.921661253638273e-06, 38.315663668038276
38.33999937719298, 1.1002869514070094e-05, 38.335568822897336
38.35999929898231, 1.24180729989983e-05, 38.35550342308773
38.37999922077164, 1.4280704048817976e-05, 38.375459066885554
38.39999914256097, 1.677081399748941e-05, 38.395273618730386
38.41999906435029, 2.0051124238079258e-05, 38.41513143703091
38.43999898613963, 2.4425921524980467e-05, 38.43492740187026
38.45999890792895, 3.012724701483448e-05, 38.454691751600585
38.47999507879521, 3.751677882473406e-05, 38.47426613751592
38.499998751507604, 4.682565785465081e-05, 38.49376970130156
38.51999867329694, 5.831540866716211e-05, 38.513164975091826
38.53999859508626, 7.23249778984483e-05, 38.53244541326719
38.559998516875595, 8.887349600274265e-05, 38.55157287073273
38.579998438664916, 0.00010792607803409036, 38.57058207689162
38.59999836045425, 0.00012913342440460838, 38.5895054552703
38.61999828224357, 0.00015265285496734454, 38.608251129510585
38.639998204032906, 0.00017818165841707801, 38.626934664063796
38.65999812582223, 0.00020534487785083645, 38.645512376852004
38.67999804761156, 0.00023427552619158302, 38.66400902135663
38.69999796940088, 0.00026450456971435104, 38.68246276608509
38.71999789119022, 0.00029592622826043883, 38.7008744798531
38.73999781297954, 0.00032837958095011935, 38.71918034856962
38.76000148569194, 0.00036176109826636536, 38.73749034907306
38.779997656558194, 0.0003960428722524131, 38.75572158781586
38.80000132927059, 0.00043131672908858226, 38.77386542257552
38.81999750013686, 0.0004674474052102351, 38.7919958137402
38.83999742192618, 0.0005042199643374567, 38.810108666298504
38.85999734371551, 0.0005418515933918364, 38.82815228554774
38.879997265504834, 0.0005797112124478433, 38.84614865627589
38.89999718729417, 0.0006189011857976499, 38.86408039957095
38.91999710908349, 0.0006587127863779543, 38.882055121465136
38.939997030872824, 0.0006992128582464896, 38.89999399054741
38.959996952662145, 0.0007402123475025974, 38.917851302296306
38.980000625374544, 0.0007819606252438127, 38.93572014288294
38.9999967962408, 0.000823929690933297, 38.953530708255734
39.019996718030136, 0.0008667398214165433, 38.97130896081214
39.04000039074253, 0.0009097367551587736, 38.98907314350547
39.060000312531855, 0.0009525651158395834, 39.00687573894939
39.08000023432118, 0.0009969261635007307, 39.024536342191446
39.09999640518745, 0.0010407256760640892, 39.042268601703256
39.11999632697677, 0.001086154203071454, 39.059878314783816
39.1399962487661, 0.0011325523065121947, 39.077506118490554
39.159996170555424, 0.001177982183904564, 39.095196518223496
39.17999984326782, 0.0012241957347279956, 39.112762419785156
39.199996014134086, 0.0012703489683545505, 39.130411987562944
39.21999968684648, 0.001317744556185432, 39.14795208562846
39.239999608635806, 0.0013645162661441404, 39.16553921667188
39.25999577950207, 0.0014127540440896213, 39.18305479300773
39.2799957012914, 0.001460996323318451, 39.20054236722341
39.29999937400379, 0.0015085460801040355, 39.21802688239036
39.31999929579312, 0.0015579008515125728, 39.23548425373418
39.339999217582445, 0.0016062029978099442, 39.2530348476554
39.35999913937177, 0.0016547909755999777, 39.27051676919059
39.3799990611611, 0.0017056680810371495, 39.28789516880221
39.39999898295043, 0.0017549258497895157, 39.30532489906679
39.41999890473976, 0.0018050899519442042, 39.32276371350646
39.439998826529084, 0.0018559265458312352, 39.34007102640521
39.45999874831841, 0.0019057951387340614, 39.35752357609999
39.47999867010774, 0.001954681326545967, 39.37495880348768
39.49999859189707, 0.0020064717423746523, 39.39229734361926
39.5199985136864, 0.0020579144340646272, 39.409626955152184
