9342263.176130798
25.0009375
37.459999067539485, 4.816530743360437e-06, 37.456047987920044
37.47999898932881, 4.781645797405631e-06, 37.47605054580249
37.49999891111814, 4.791323556605989e-06, 37.496000819942765
37.51999883290747, 4.807303112494966e-06, 37.51602890086254
37.539998754696796, 4.829359400905118e-06, 37.53605097811826
37.559998676486124, 4.8507404968129114e-06, 37.556088240377456
37.57999859827545, 4.8725717210555924e-06, 37.57603744645065
37.599994769141716, 4.898679164479843e-06, 37.59606395809726
37.61999844185411, 4.92591192874134e-06, 37.6160148739758
37.639998363643436, 4.953594821337752e-06, 37.63603421987994
37.65999828543276, 4.98240303477141e-06, 37.65607259455132
37.67999820722209, 5.015487467386611e-06, 37.67604484104106
37.699998129011426, 5.0478967074994805e-06, 37.696055062504215
37.71999805080075, 5.082106460951928e-06, 37.71601520775638
37.73999797259008, 5.1219428185906625e-06, 37.73602466304309
37.7599978943794, 5.1626794328992e-06, 37.756010855274745
37.77999781616874, 5.207467202221808e-06, 37.776018477002175
37.79999773795806, 5.2536053565491615e-06, 37.79601951067118
37.81999765974739, 5.304694922560389e-06, 37.8160266282885
37.839997581536714, 5.35690980940889e-06, 37.83601797794429
37.85999750332605, 5.412725722936601e-06, 37.85597603647065
37.87999742511537, 5.476869010659954e-06, 37.87601032036259
37.899997346904705, 5.54641383840215e-06, 37.8960027060495
37.919997268694026, 5.6206850136607755e-06, 37.91599293492255
37.93999719048336, 5.7059843331245044e-06, 37.935986756183304
37.95999711227268, 5.797585449276825e-06, 37.955942866216894
37.98000078498508, 5.899989645466751e-06, 37.975970992633144
37.99999695585134, 6.012971857526864e-06, 37.99596929670194
38.01999687764067, 6.138107534629301e-06, 38.015993667259934
38.03999679942999, 6.282598730132454e-06, 38.0359598138033
38.05999672121933, 6.444869994864217e-06, 38.05596442664188
38.079996643008656, 6.63662466553197e-06, 38.07595248870559
38.10000031572105, 6.855161972126332e-06, 38.09592200564262
38.120000237510375, 7.109709545512747e-06, 38.115918446818426
38.1400001592997, 7.409269952389242e-06, 38.135922393108515
38.15999633016597, 7.774774160328749e-06, 38.15587685285958
38.179996251955295, 8.2107234526802e-06, 38.175885770636285
38.19999992466769, 8.759654957091764e-06, 38.19582486034462
38.219999846457014, 9.437998357787335e-06, 38.21579525720874
38.23999601732328, 1.031169745582987e-05, 38.23582168862576
38.25999969003567, 1.1420588608858075e-05, 38.25570780899529
38.279999611825, 1.28702269114062e-05, 38.27562537583365
38.299999533614326, 1.4797676441451586e-05, 38.295522622153584
38.319999455403654, 1.73278478119292e-05, 38.31540226189527
38.33999937719298, 2.0696608270327044e-05, 38.335188396661565
38.35999929898231, 2.511709358322072e-05, 38.355015306033934
38.37999922077164, 3.0928700515125426e-05, 38.37466622066103
38.39999914256097, 3.8509536867357855e-05, 38.394273067163006
38.41999906435029, 4.8158037725957295e-05, 38.41378370527647
38.43999898613963, 6.012897572847758e-05, 38.433124159865656
38.45999890792895, 7.48033845104123e-05, 38.452383801439474
38.479998829718284, 9.215898271918385e-05, 38.47146329508834
38.499998751507604, 0.00011237424623958042, 38.49043707450877
38.51999867329694, 0.00013526012117094367, 38.50925268817103
38.53999859508626, 0.0001609293646611662, 38.52798694713545
38.559998516875595, 0.0001885294336439459, 38.54651740997463
38.579998438664916, 0.00021810669133777753, 38.56497961416824
38.59999836045425, 0.0002499219871127361, 38.583325307491066
38.61999828224357, 0.0002829949414554076, 38.601620830409345
38.639998204032906, 0.00031753756481153034, 38.619817945855175
38.65999812582223, 0.0003533220922436445, 38.63800411359054
38.67999804761156, 0.00039078334772326426, 38.65606461863249
38.69999796940088, 0.0004290582101682173, 38.67406784484166
38.71999789119022, 0.0004678937074542893, 38.692072763828136
38.73999781297954, 0.0005081894210587797, 38.70999416336567
38.75999773476887, 0.0005494479591716229, 38.7278893675751
38.779997656558194, 0.0005913481552258673, 38.74574557974425
38.79999757834752, 0.0006341717895591607, 38.763499895350364
38.81999750013686, 0.0006770768971210712, 38.78127751337211
38.83999742192618, 0.0007216693107463574, 38.799016189870486
38.86000109463858, 0.0007668464410786799, 38.81665571560292
38.880001016427904, 0.000812311203417004, 38.8342991157714
38.89999718729417, 0.0008595683767849033, 38.85185595666743
38.92000086000656, 0.0009070105528984467, 38.86939740232389
38.939997030872824, 0.0009544041151518209, 38.8869719879487
38.960000703585216, 0.0010025334121685904, 38.90447075103866
38.97999687445148, 0.001052226680084973, 38.921880016400756
39.00000054716387, 0.0011020153752083544, 38.939280070524475
39.019996718030136, 0.001152426147690569, 38.95672718625563
39.04000039074253, 0.0012030399280518237, 38.974052278049264
39.060000312531855, 0.0012544587629400488, 38.99140868555967
39.07999648339811, 0.0013061674804759498, 39.008745499298975
39.09999640518745, 0.0013585246078782756, 39.026041906387135
39.12000007789984, 0.0014118452349814563, 39.043300488320305
39.13999999968917, 0.0014658095456035456, 39.06050761780913
39.159996170555424, 0.0015188803514808564, 39.077794193722475
39.17999984326782, 0.0015727548615001327, 39.094969347218715
39.199996014134086, 0.0016284938030825685, 39.11213028305721
39.21999968684648, 0.0016843959161864058, 39.129255074731574
39.239999608635806, 0.001738401863679473, 39.14637367642592
39.259999530425134, 0.0017941000686476005, 39.163538603906034
39.27999945221446, 0.00185070640753139, 39.180629347281936
39.29999937400379, 0.001905758453274767, 39.197856095908605
39.31999929579312, 0.001962976066437352, 39.21479858240361
39.33999546665938, 0.002020228114417557, 39.23188771839804
39.35999538844871, 0.002078474045761223, 39.2488168069834
39.3799990611611, 0.00213704294418518, 39.26583458969466
39.39999898295043, 0.002193744035083466, 39.28287859639793
39.41999890473976, 0.002252524718888994, 39.29984484305416
39.439998826529084, 0.0023115396944928383, 39.316791522084344
