9342263.176130798
25.00096875
37.50999887201281, 4.638054858572253e-06, 37.5060427424873
37.529998793802136, 4.600019014273124e-06, 37.52606202468287
37.549998715591464, 4.607446131798989e-06, 37.54604014423304
37.56999863738079, 4.61892440433898e-06, 37.56606091435482
37.58999855917012, 4.633328511055796e-06, 37.58602718628546
37.60999848095945, 4.6506584519494904e-06, 37.606025089854896
37.629998402748775, 4.670239034517678e-06, 37.62603384473273
37.6499983245381, 4.68779403957879e-06, 37.6460201582633
37.66999824632743, 4.709400199654054e-06, 37.666031143253925
37.68999816811676, 4.73303193723634e-06, 37.68600833419789
37.70999808990609, 4.755088225646492e-06, 37.70604788453929
37.729998011695415, 4.781195669070743e-06, 37.72602967967859
37.74999793348474, 4.8093286900020155e-06, 37.746036724984236
37.76999785527407, 4.834986005091378e-06, 37.76605706878621
37.7899977770634, 4.864919539362283e-06, 37.78606116435075
37.809997698852726, 4.896428522805323e-06, 37.806062615819364
37.829997620642054, 4.9315385329276e-06, 37.82602503655337
37.84999754243138, 4.967323735552236e-06, 37.846014248467775
37.86999746422071, 5.008960606530549e-06, 37.86597451312159
37.88999738601004, 5.049697220839059e-06, 37.885990337918045
37.909997307799365, 5.1001115943479815e-06, 37.906001527655626
37.92999722958869, 5.146924941177639e-06, 37.92601562447482
37.95000090230109, 5.203866175542625e-06, 37.945993362060584
37.96999707316735, 5.261932730744802e-06, 37.96599735880066
37.98999699495668, 5.330802365984639e-06, 37.98598011272063
38.009996916746005, 5.402372771233884e-06, 38.0059817582637
38.0300005894584, 5.485196384855622e-06, 38.02593819417621
38.04999676032466, 5.574771923500893e-06, 38.04597599540326
38.07000043303706, 5.677626248025734e-06, 38.06595517735682
38.089996603903316, 5.797585449276825e-06, 38.08594635498356
38.109996525692644, 5.925872024723557e-06, 38.105960180018165
38.12999644748197, 6.079590851092181e-06, 38.125929912986805
38.15000012019437, 6.257391543378006e-06, 38.145921753937685
38.16999629106063, 6.471427566623355e-06, 38.165917856171156
38.189996212849955, 6.724849819172551e-06, 38.185944496658394
38.20999613463928, 7.029136573565503e-06, 38.20593261152968
38.22999980735168, 7.403193219868094e-06, 38.22587237004815
38.24999597821794, 7.873802394006935e-06, 38.24583597935493
38.269995900007274, 8.46347051272701e-06, 38.26582385153074
38.289999572719665, 9.226438040383923e-06, 38.285757550580584
38.30999949450899, 1.0209293259639916e-05, 38.305708548989635
38.32999566537525, 1.1499586131633158e-05, 38.325682555750795
38.349995587164585, 1.320692290591202e-05, 38.34561049582939
38.36999925987698, 1.5451262783727597e-05, 38.36547574131036
38.389999181666305, 1.8442365569143666e-05, 38.3853261148897
38.40999910345563, 2.235128002942252e-05, 38.40513663585377
38.42999902524496, 2.740892200036834e-05, 38.424888980405946
38.44999894703429, 3.392430458389048e-05, 38.444501201971924
38.469998868823616, 4.20590238522184e-05, 38.464072139416245
38.489998790612944, 5.211511591807054e-05, 38.4835623237004
38.50999871240227, 6.418935837345058e-05, 38.50289470236397
38.5299986341916, 7.839765926459549e-05, 38.52216633900181
38.54999855598093, 9.469207992383831e-05, 38.541357985413555
38.569998477770255, 0.00011310840555380369, 38.56037116596051
38.58999839955958, 0.0001334555566763262, 38.5793212838197
38.60999832134891, 0.00015556631061499018, 38.59819605562341
38.62999824313824, 0.00017923135769406677, 38.61692702102049
38.64999816492757, 0.0002045495010830667, 38.63570296281875
38.669998086716895, 0.00023091666855655298, 38.65432364956673
38.68999800850622, 0.00025825768868259724, 38.672910004997874
38.70999793029555, 0.0002871289200831369, 38.69147450252948
38.72999785208488, 0.0003162652770729331, 38.70995132235033
38.749997773874206, 0.00034686477621532455, 38.72834989846364
38.769997695663534, 0.00037815409703095154, 38.7467554511203
38.78999761745286, 0.0004103565031739248, 38.765085524841645
38.81000129016525, 0.00044343508412078255, 38.783376672190016
38.82999746103152, 0.0004769426373708009, 38.80162370804651
38.849997382820845, 0.0005110277052744968, 38.8198979883712
38.86999730461017, 0.0005463760583500922, 38.83802579210673
38.8899972263995, 0.0005815574138134392, 38.85619542357795
38.90999714818883, 0.0006180025045770203, 38.87434550967249
38.92999706997816, 0.0006549431866373272, 38.892428344569204
38.949996991767485, 0.0006930017624173604, 38.91043867597946
38.96999691355681, 0.0007306302405733959, 38.92853598463388
38.98999683534614, 0.0007695285307621865, 38.94647781885225
39.01000050805853, 0.0008085841408040251, 38.96447552696283
39.029996678924796, 0.0008483565802191932, 38.98246789491759
39.05000035163719, 0.0008884596388963458, 39.00035328877866
39.06999652250345, 0.0009293902585172139, 39.01825731582549
39.09000019521584, 0.0009708549554074417, 39.03613148112036
39.10999636608211, 0.001011196582102092, 39.0540445771163
39.1300000387945, 0.0010550264783280561, 39.07177297008165
39.14999620966076, 0.001096109466390288, 39.089619068683284
39.16999613145009, 0.0011390015202304865, 39.10744821179001
39.18999980416249, 0.0011820594463620958, 39.12523520799482
39.20999597502875, 0.0012264616807658865, 39.14291267139787
39.229999647741145, 0.0012695619189609765, 39.160675883407286
39.249999569530466, 0.0013139643784289346, 39.17839753552401
39.2699994913198, 0.0013584782446597807, 39.19610319925206
39.28999941310912, 0.0014032961725808522, 39.213747653969456
39.30999933489846, 0.0014479720850122627, 39.231417737768325
39.329995505764714, 0.001493903180305544, 39.24906943896831
39.34999917847711, 0.0015405821638272631, 39.266670701525946
39.36999910026644, 0.001586432010956095, 39.284364186397525
39.38999902205577, 0.0016328028816325743, 39.30192112901612
39.409998943845096, 0.0016791485451222994, 39.31953288769187
39.429998865634424, 0.0017257521321479225, 39.33712218414982
39.44999878742375, 0.001773194308261466, 39.35474956553188
39.46999870921308, 0.0018211579580509922, 39.37226618663432
39.48999863100241, 0.0018690351832002172, 39.389760743977554
