9342263.176130798
25.00021875
37.47999898932881, 4.561983169974022e-06, 37.47601941144374
37.49999891111814, 4.523947325674893e-06, 37.496019077209006
37.51999883290747, 4.527773416521574e-06, 37.51599171428266
37.539998754696796, 4.53655091905213e-06, 37.53603901817855
37.559998676486124, 4.5489294482618965e-06, 37.55603366249812
37.57999859827545, 4.56603432498812e-06, 37.5759954555641
37.599994769141716, 4.581113624207295e-06, 37.596034770169496
37.61999844185411, 4.599343821770792e-06, 37.61603116211877
37.639998363643436, 4.619149468506424e-06, 37.63604948471367
37.65999828543276, 4.637604730237365e-06, 37.6560337762875
37.67999820722209, 4.657860505307912e-06, 37.676047197060825
37.699998129011426, 4.6778912162109875e-06, 37.69601930352165
37.71999805080075, 4.70129788962583e-06, 37.71598720625426
37.73999797259008, 4.725829883877919e-06, 37.73602589245847
37.7599978943794, 4.7546380973115775e-06, 37.75603281177912
37.77999781616874, 4.780520476568384e-06, 37.77599240966008
37.79999773795806, 4.8120294600114235e-06, 37.796005317677846
37.81999765974739, 4.844213635956849e-06, 37.81602774222472
37.839997581536714, 4.8777481969069375e-06, 37.83599127038944
37.85999750332605, 4.916234169540954e-06, 37.85596670361774
37.87999742511537, 4.955845463012245e-06, 37.876002304491905
37.899997346904705, 4.999057783162746e-06, 37.89599492056465
37.919997268694026, 5.045871129992404e-06, 37.916014615943055
37.93999719048336, 5.0962855035013e-06, 37.93600905531696
37.96000086319575, 5.153001673698814e-06, 37.95597879978621
37.98000078498508, 5.215794576417476e-06, 37.9759791367969
37.99999695585134, 5.2835388908200665e-06, 37.995921799312725
38.020000628563736, 5.359160451083383e-06, 38.01596589788946
38.040000550353064, 5.446935476389049e-06, 38.03596083233567
38.06000047214239, 5.545738645899791e-06, 38.05591866808004
38.079996643008656, 5.656920344620299e-06, 38.07593575264388
38.09999656479798, 5.780705636718045e-06, 38.095944574060695
38.120000237510375, 5.927222409728275e-06, 38.11597719344898
38.13999640837664, 6.10277246033958e-06, 38.13594205356022
38.15999633016597, 6.308256045221817e-06, 38.155888622663504
38.179996251955295, 6.5556015652498375e-06, 38.17590029182076
38.19999992466769, 6.852461202116924e-06, 38.195893109724565
38.219999846457014, 7.228093297591677e-06, 38.21586342889692
38.23999601732328, 7.690150033367379e-06, 38.23585440871818
38.25999969003567, 8.281618665427059e-06, 38.25588209029285
38.279999611825, 9.045261385586358e-06, 38.275809841778454
38.299999533614326, 1.0047922251577956e-05, 38.29576006016321
38.319999455403654, 1.1358020770306856e-05, 38.315621010115976
38.33999937719298, 1.3100467554707997e-05, 38.33555345220643
38.359995548059246, 1.5394996741864998e-05, 38.35546751972815
38.37999922077164, 1.8432237681608393e-05, 38.37528058437701
38.39999914256097, 2.242104992133216e-05, 38.395088078258645
38.41999906435029, 2.7581096088467904e-05, 38.414812292901814
38.43999898613963, 3.4146893045498955e-05, 38.434477027635246
38.45999890792895, 4.234035406153143e-05, 38.45404171160213
38.479998829718284, 5.232014937461787e-05, 38.47356596133566
38.499998751507604, 6.426137890703471e-05, 38.49294548588182
38.51999867329694, 7.810327533357034e-05, 38.5122481219599
38.53999859508626, 9.386564430096037e-05, 38.53140633132452
38.559998516875595, 0.00011147308931310895, 38.5505550048477
38.579998438664916, 0.00013075681224442823, 38.569529075345685
38.59999836045425, 0.0001516501941013529, 38.58844613251598
38.61999828224357, 0.00017381293786269795, 38.60728369212148
38.639998204032906, 0.00019718067517657253, 38.62604644536079
38.65999812582223, 0.00022167215787852705, 38.644799677197895
38.67999804761156, 0.000247244173648411, 38.66345337889173
38.69999796940088, 0.0002737045176872218, 38.6820816356253
38.71999789119022, 0.0003008906936660602, 38.700691442750454
38.73999781297954, 0.0003291211673818685, 38.71919865665158
38.75999773476887, 0.00035781099706344306, 38.73773449873147
38.779997656558194, 0.00038750056177683245, 38.756227821729325
38.79999757834752, 0.00041803344192565856, 38.77465733886734
38.81999750013686, 0.00044910872671804017, 38.79306212497622
38.83999742192618, 0.0004812503655358018, 38.8113948128541
38.85999734371551, 0.000512879083115944, 38.82975430643034
38.879997265504834, 0.0005459860221479005, 38.8480201235011
38.89999718729417, 0.0005799644096362251, 38.866295437666345
38.91999710908349, 0.0006138741525534773, 38.884550848682146
38.94000078179589, 0.000648659620146279, 38.902703782886974
38.960000703585216, 0.0006833645147671334, 38.92098125196425
38.97999687445148, 0.0007199336158869798, 38.93904561397211
38.9999967962408, 0.0007566267273630912, 38.95712364131005
39.0200004689532, 0.0007935336497982806, 38.97523448844838
39.04000039074253, 0.0008307140251969224, 38.993306548379095
39.060000312531855, 0.0008680076078717915, 39.01140690201806
39.08000023432118, 0.000906096342250263, 39.02941280641684
39.09999640518745, 0.000945055174700098, 39.04741167276599
39.12000007789984, 0.0009838953983336866, 39.06539141163311
39.13999999968917, 0.0010238251576019024, 39.083352300088805
39.159999921478494, 0.0010632849828884818, 39.10132991761736
39.17999984326782, 0.001103118414693029, 39.119273451883785
39.19999976505715, 0.001143241504081085, 39.13712954991289
39.21999968684648, 0.001185471869268979, 39.1549529290902
39.239999608635806, 0.0012257389997242032, 39.17295250663827
39.259999530425134, 0.0012682356158221911, 39.190723658646874
39.2799957012914, 0.0013106480579215527, 39.20855725725927
39.29999937400379, 0.0013525153946073493, 39.22637772808119
39.31999929579312, 0.0013946739643258268, 39.244188167273165
39.339999217582445, 0.001437670898068057, 39.26198882908546
39.35999913937177, 0.0014806183176934479, 39.27973958272636
39.3799990611611, 0.0015244338098126956, 39.29749482003784
39.39999898295043, 0.00156821689269183, 39.3152210640897
39.41999890473976, 0.001612066144436195, 39.332959211228065
39.439998826529084, 0.0016555548433843045, 39.3507615123375
39.45999874831841, 0.0017004456920956302, 39.36837546146505
